4.288090471074305077e-01 4.288090471109945456e-01
4.952431174513470813e-01 4.952431174550518955e-01
5.441228122148608071e-01 5.441228122172746540e-01
5.782805808678780357e-01 5.782805808701663164e-01
6.001675900669546371e-01 6.001675900697784893e-01
6.118950262875081370e-01 6.118950262928666284e-01
6.152754985368268370e-01 6.152754985398455334e-01
6.118609885732361198e-01 6.118609885761673306e-01
6.029766452314028191e-01 6.029766452335403315e-01
5.897505668267889467e-01 5.897505668286713298e-01
5.731399395842039501e-01 5.731399395839436028e-01
5.539539327243495626e-01 5.539539327260007973e-01
5.328737280313283753e-01 5.328737280340158922e-01
5.104700250119925675e-01 5.104700250128575423e-01
4.872183253301421990e-01 4.872183253343218556e-01
4.635122653458360054e-01 4.635122653472428245e-01
4.396752341035984335e-01 4.396752341060809477e-01
4.531891477983357452e-01 4.531891478005395935e-01
4.932625339513755369e-01 4.932625339528393105e-01
5.511103819065205078e-01 5.511103819067389997e-01
6.196729176145175932e-01 6.196729176143731532e-01
6.933505992265430740e-01 6.933505992268380602e-01
7.678338706312309858e-01 7.678338706330823937e-01
8.399637067016477721e-01 8.399637067031164861e-01
9.075469091540447897e-01 9.075469091537461397e-01
9.691305688032038068e-01 9.691305688052995748e-01
1.023789421407665490e+00 1.023789421409660338e+00
1.070966904355865612e+00 1.070966904357764315e+00
1.110375787133117687e+00 1.110375787133832226e+00
1.141941410536257084e+00 1.141941410538951374e+00
1.165766306815195552e+00 1.165766306814255415e+00
1.182101406278472044e+00 1.182101406278103228e+00
1.191317403167696742e+00 1.191317403169162237e+00
1.193875587131325577e+00 1.193875587131318916e+00
1.190299831138228459e+00 1.190299831137238806e+00
1.181151575202913140e+00 1.181151575201025761e+00
1.176281976569308885e+00 1.176281976569012455e+00
1.181838117817543665e+00 1.181838117817877398e+00
1.200988217555542636e+00 1.200988217554397997e+00
1.234207592440308421e+00 1.234207592439616974e+00
1.278734192823359539e+00 1.278734192819667381e+00
1.327124783400942309e+00 1.327124783401655961e+00
1.366743364482810197e+00 1.366743364482839063e+00
1.384015124542467223e+00 1.384015124543229058e+00
1.372227747108392126e+00 1.372227747106540274e+00
1.334159115679123264e+00 1.334159115679986796e+00
1.277652857258127828e+00 1.277652857255623609e+00
1.210745946649277816e+00 1.210745946648894567e+00
1.139637710807657189e+00 1.139637710805626813e+00
1.068566927423527435e+00 1.068566927421976231e+00
1.000291871280334366e+00 1.000291871279744615e+00
9.365941783158099332e-01 9.365941783180713465e-01
8.786640816288503464e-01 8.786640816224922101e-01
8.273713711901485857e-01 8.273713711814959515e-01
7.834550978787241382e-01 7.834550978762451212e-01
7.451788532990043512e-01 7.451788532951431065e-01
7.093087783191925899e-01 7.093087783168231519e-01
6.724827592347913940e-01 6.724827592358704198e-01
6.326573899114386057e-01 6.326573899078898888e-01
5.898682965021556646e-01 5.898682965031137870e-01
5.458366989269428649e-01 5.458366989280579729e-01
5.028630746183274658e-01 5.028630746196730561e-01
4.629878087653572782e-01 4.629878087654571428e-01
4.279030290463573527e-01 4.279030290425643868e-01
3.994062565657635622e-01 3.994062565695175593e-01
3.800875563997955231e-01 3.800875564030271603e-01
3.740706537471772952e-01 3.740706537514874030e-01
3.873653430316984503e-01 3.873653430287284372e-01
4.265989877174355405e-01 4.265989877188687829e-01
4.949024657860640053e-01 4.949024657907462599e-01
5.873833403275433573e-01 5.873833403321132574e-01
6.922236285431985214e-01 6.922236285399864242e-01
7.971268127271663451e-01 7.971268127298181128e-01
8.940420916713186505e-01 8.940420916733997636e-01
9.793991166557510786e-01 9.793991166547471039e-01
1.051917586156643214e+00 1.051917586155112883e+00
1.110963281547848513e+00 1.110963281546601955e+00
1.156026075341552772e+00 1.156026075343670412e+00
1.186956436477923038e+00 1.186956436476202636e+00
1.204320696813548697e+00 1.204320696814789260e+00
1.209442126508330606e+00 1.209442126512050297e+00
1.204179422098415220e+00 1.204179422101324448e+00
1.190709724195395669e+00 1.190709724194145114e+00
1.171477422814897640e+00 1.171477422814436453e+00
1.149344095926645881e+00 1.149344095927411047e+00
1.127921079148601624e+00 1.127921079146160022e+00
1.111961099588408164e+00 1.111961099586507240e+00
1.107388131772987894e+00 1.107388131776127160e+00
1.120238763127682891e+00 1.120238763123479808e+00
1.154168769019217056e+00 1.154168769016445051e+00
1.206510446620124188e+00 1.206510446619635690e+00
1.262296945242761925e+00 1.262296945248864377e+00
1.294828576326191527e+00 1.294828576326412684e+00
1.286853471118812653e+00 1.286853471114024483e+00
1.243728542805494275e+00 1.243728542804550807e+00
1.179995165284746239e+00 1.179995165278168612e+00
1.107664760209937871e+00 1.107664760214145838e+00
1.034278615010900015e+00 1.034278615004776913e+00
9.642191928942714929e-01 9.642191928980544668e-01
9.000639195660745662e-01 9.000639195636547241e-01
8.434568716580009839e-01 8.434568716590774562e-01
7.955871349545681204e-01 7.955871349618278687e-01
7.573658840893052746e-01 7.573658840901931200e-01
7.292947743435810315e-01 7.292947743463022992e-01
7.109514086305729341e-01 7.109514086288976076e-01
7.001253685107634572e-01 7.001253685079739109e-01
6.920938899570877600e-01 6.920938899613187090e-01
6.801494586248203467e-01 6.801494586257761377e-01
6.583509423108274694e-01 6.583509423102739122e-01
6.254087968450597890e-01 6.254087968449534296e-01
5.856714575816489576e-01 5.856714575823489533e-01
5.455397628398180876e-01 5.455397628427947065e-01
5.104048788835292561e-01 5.104048788894799404e-01
4.851241301007952478e-01 4.851241301028354491e-01
4.757257132414828282e-01 4.757257132355758866e-01
4.900295845418817242e-01 4.900295845427019570e-01
5.350178699450601760e-01 5.350178699462626586e-01
6.105399719972787187e-01 6.105399719992726792e-01
7.061651337317392807e-01 7.061651337303668230e-01
8.072912169020959317e-01 8.072912169058996668e-01
9.030462294631810272e-01 9.030462294618568642e-01
9.884451634934897646e-01 9.884451634977488022e-01
1.062714082540006988e+00 1.062714082543184002e+00
1.127141077526895518e+00 1.127141077525517510e+00
1.183478503470761556e+00 1.183478503472976895e+00
1.232867381002771712e+00 1.232867381003720730e+00
1.275231220690822287e+00 1.275231220687398803e+00
1.309207979648173481e+00 1.309207979648229214e+00
1.332870444005985977e+00 1.332870444009723876e+00
1.345137341909131923e+00 1.345137341912298057e+00
1.346611654142672254e+00 1.346611654139366454e+00
1.339360607823247395e+00 1.339360607823597116e+00
1.326596224251526568e+00 1.326596224250355949e+00
1.312779833765981952e+00 1.312779833761113402e+00
1.303887105342747876e+00 1.303887105339768038e+00
1.306932339279038846e+00 1.306932339278792377e+00
1.327513231328604437e+00 1.327513231329324528e+00
1.364750895627177218e+00 1.364750895627921512e+00
1.404238369297710509e+00 1.404238369297092781e+00
1.419423415065959038e+00 1.419423415068269190e+00
1.394437570039409824e+00 1.394437570034754437e+00
1.335586910375733627e+00 1.335586910377365655e+00
1.256881532976459770e+00 1.256881532973657123e+00
1.169430632455752406e+00 1.169430632456656349e+00
1.080153080596157000e+00 1.080153080599345783e+00
9.930889253119324911e-01 9.930889253153087903e-01
9.105711784500648553e-01 9.105711784505349238e-01
8.339264515316621162e-01 8.339264515346582751e-01
7.638559873567295488e-01 7.638559873547348111e-01
7.006675690109126498e-01 7.006675690118319144e-01
6.444250540949191253e-01 6.444250540994901355e-01
5.949887942825092813e-01 5.949887942812157604e-01
5.518969572158688441e-01 5.518969572133198831e-01
5.140881957213799813e-01 5.140881957225249543e-01
4.797201519450403628e-01 4.797201519460138619e-01
4.466659950399310963e-01 4.466659950389880729e-01
4.137570147641248530e-01 4.137570147627577799e-01
3.815553893046320644e-01 3.815553893110598116e-01
3.517497459143136274e-01 3.517497459178865471e-01
3.263272625536423055e-01 3.263272625555884709e-01
3.078575875879699941e-01 3.078575875892436975e-01
3.007000199445805100e-01 3.007000199501844717e-01
3.125189126999806666e-01 3.125189127011586132e-01
3.542013770984716592e-01 3.542013770985152910e-01
4.333904996895320272e-01 4.333904996894012429e-01
5.428488620741894755e-01 5.428488620796020347e-01
6.618188141858730722e-01 6.618188141880100295e-01
7.717164478658936622e-01 7.717164478638438574e-01
8.636823493987243472e-01 8.636823494034218118e-01
9.359707928565889068e-01 9.359707928554168443e-01
9.900942236863933266e-01 9.900942236887382286e-01
1.028608361835532836e+00 1.028608361835441354e+00
1.054062767897941288e+00 1.054062767894212715e+00
1.068489842257160038e+00 1.068489842256468592e+00
1.073263251544668950e+00 1.073263251544434693e+00
1.069357170647018851e+00 1.069357170643002064e+00
1.057802503536815042e+00 1.057802503538429528e+00
1.039956502487522361e+00 1.039956502488418311e+00
1.017541271420024263e+00 1.017541271415182802e+00
9.927508054857220321e-01 9.927508054818259264e-01
9.686501619651529671e-01 9.686501619650917938e-01
9.499140060172898137e-01 9.499140060141751940e-01
9.434695094683241967e-01 9.434695094703067220e-01
9.574385317880945712e-01 9.574385317931249917e-01
9.970309584382824886e-01 9.970309584374990042e-01
1.059514313100445637e+00 1.059514313102973171e+00
1.129972044194156755e+00 1.129972044192668168e+00
1.184523670688160113e+00 1.184523670690432517e+00
1.208319538297738749e+00 1.208319538298853413e+00
1.203611106027930422e+00 1.203611106031249323e+00
1.180020636197279149e+00 1.180020636200716400e+00
1.146579339054407232e+00 1.146579339049110580e+00
1.109925794132815557e+00 1.109925794130783627e+00
1.074836520550926711e+00 1.074836520554495189e+00
1.044972866683148371e+00 1.044972866684232393e+00
1.023308407780442852e+00 1.023308407782533846e+00
1.012216816210222081e+00 1.012216816210612880e+00
1.013264338732407399e+00 1.013264338734695791e+00
1.026718215524889732e+00 1.026718215526347233e+00
1.050897298236842747e+00 1.050897298236126876e+00
1.081684735961327082e+00 1.081684735966122357e+00
1.112381377082366729e+00 1.112381377084513012e+00
1.133449626608845850e+00 1.133449626609539740e+00
1.132718792599954671e+00 1.132718792597905200e+00
1.101495244627623382e+00 1.101495244626676584e+00
1.045234390614988573e+00 1.045234390608109853e+00
9.786887607274742384e-01 9.786887607274561418e-01
9.133249691154027294e-01 9.133249691152063310e-01
8.555164188619904797e-01 8.555164188630565159e-01
8.090722943880258589e-01 8.090722943842315606e-01
7.766788255917539407e-01 7.766788255865658686e-01
7.600373991788650363e-01 7.600373991808279106e-01
7.592522981645210001e-01 7.592522981617362277e-01
7.721639179128864106e-01 7.721639179141612797e-01
7.943405536694093660e-01 7.943405536746477313e-01
8.198479345867702994e-01 8.198479345890296033e-01
8.422777699957272324e-01 8.422777699984638211e-01
8.557533406788401242e-01 8.557533406768715878e-01
8.562159882399477118e-01 8.562159882393280963e-01
8.428792166576307698e-01 8.428792166567742328e-01
8.187049251587644738e-01 8.187049251616020928e-01
7.895575460407066037e-01 7.895575460387431743e-01
7.635680803535173089e-01 7.635680803518790638e-01
7.514530842354737450e-01 7.514530842331681448e-01
7.650201726262743085e-01 7.650201726262176871e-01
8.103815751065134299e-01 8.103815751068980111e-01
8.810735387246871886e-01 8.810735387262583762e-01
9.623701700270806958e-01 9.623701700274063242e-01
1.041981855423765868e+00 1.041981855424145342e+00
1.114326522380489681e+00 1.114326522377218298e+00
1.178763208091405890e+00 1.178763208091990311e+00
1.236709086918191591e+00 1.236709086918113210e+00
1.289461806433374935e+00 1.289461806433766400e+00
1.337032706909705215e+00 1.337032706906019053e+00
1.378287556082379073e+00 1.378287556080730170e+00
1.412404473904909086e+00 1.412404473909129266e+00
1.440517278150802216e+00 1.440517278149736180e+00
1.465719199532524275e+00 1.465719199528733530e+00
1.490989932431640685e+00 1.490989932430454745e+00
1.516960201710427558e+00 1.516960201711158973e+00
1.541868595610405013e+00 1.541868595611154857e+00
1.563746521303338799e+00 1.563746521302145753e+00
1.582655449575933293e+00 1.582655449574483120e+00
1.600527100223454458e+00 1.600527100226510235e+00
1.616233443100137723e+00 1.616233443096014133e+00
1.617482735205195699e+00 1.617482735204076150e+00
1.585658910927160381e+00 1.585658910924184317e+00
1.517358878058568283e+00 1.517358878060028005e+00
1.425021163223429088e+00 1.425021163219169607e+00
1.321947601366029179e+00 1.321947601363664404e+00
1.216728607769747672e+00 1.216728607764981707e+00
1.114147255904337275e+00 1.114147255907259160e+00
1.016764744790672470e+00 1.016764744789261821e+00
9.258814706854913146e-01 9.258814706855651444e-01
8.420137542189344293e-01 8.420137542249754858e-01
7.651478211696861598e-01 7.651478211598333745e-01
6.949287738007491333e-01 6.949287738048978147e-01
6.308484855685868586e-01 6.308484855668667901e-01
5.724078387648127153e-01 5.724078387555697756e-01
5.191854492682445033e-01 5.191854492705825219e-01
4.708115841713528260e-01 4.708115841703734983e-01
4.269149387242044957e-01 4.269149387296841125e-01
3.871043207937340247e-01 3.871043207891865512e-01
3.510341448082193727e-01 3.510341448038417078e-01
3.185528216450087546e-01 3.185528216457771955e-01
2.898286479994943710e-01 2.898286480009262811e-01
2.654791632781247079e-01 2.654791632785486466e-01
2.469978648187328707e-01 2.469978648200918947e-01
2.377609875050360477e-01 2.377609875078935675e-01
2.447448989173984790e-01 2.447448989254593643e-01
2.797342371928074334e-01 2.797342371902216129e-01
3.544188348585443071e-01 3.544188348581364667e-01
4.655965271624985524e-01 4.655965271621631540e-01
5.910273981724379899e-01 5.910273981743767724e-01
7.080679941564461677e-01 7.080679941581675685e-01
8.054705403772380867e-01 8.054705403777684403e-01
8.806918597909237922e-01 8.806918597914603630e-01
9.350523287790032390e-01 9.350523287811181028e-01
9.711129821667249251e-01 9.711129821680957175e-01
9.916258974931601022e-01 9.916258974947715910e-01
9.991652201472710493e-01 9.991652201449537918e-01
9.960156389370616870e-01 9.960156389376921826e-01
9.841694946708606784e-01 9.841694946699008906e-01
9.653896794871265064e-01 9.653896794892472544e-01
9.413074947424696637e-01 9.413074947473564213e-01
9.135463918176277565e-01 9.135463918196375932e-01
8.839411536130604707e-01 8.839411536085852727e-01
8.549872422359307000e-01 8.549872422307283060e-01
8.306746837616095780e-01 8.306746837597032140e-01
8.175405182076168620e-01 8.175405182031869611e-01
8.243877115760745999e-01 8.243877115768137864e-01
8.582784580981218658e-01 8.582784581015560077e-01
9.192530858038402419e-01 9.192530858009601014e-01
9.976024503705879232e-01 9.976024503665783527e-01
1.073911590918934511e+00 1.073911590920824555e+00
1.129506130794235563e+00 1.129506130795639107e+00
1.159210611420613990e+00 1.159210611427007986e+00
1.168924410092396560e+00 1.168924410092551991e+00
1.167381220511325868e+00 1.167381220511234385e+00
1.162176773415050324e+00 1.162176773413161834e+00
1.159087205106099194e+00 1.159087205104282203e+00
1.162290630825774773e+00 1.162290630831408267e+00
1.174513418703592382e+00 1.174513418700480871e+00
1.196913453920652959e+00 1.196913453918826420e+00
1.228865543731027632e+00 1.228865543731569865e+00
1.267987466182868506e+00 1.267987466185180434e+00
1.310705353208769797e+00 1.310705353212740842e+00
1.353338676004379071e+00 1.353338676008024155e+00
1.393183179647432102e+00 1.393183179647255354e+00
1.428341712640114114e+00 1.428341712635124328e+00
1.454308592331509775e+00 1.454308592329531358e+00
1.458243563425677625e+00 1.458243563428152978e+00
1.424744019880601176e+00 1.424744019877606460e+00
1.357890298829753650e+00 1.357890298831824216e+00
1.276147721217095299e+00 1.276147721215181496e+00
1.193277100880588026e+00 1.193277100879601704e+00
1.115975706793543853e+00 1.115975706794696265e+00
1.046825926030616305e+00 1.046825926030954035e+00
9.860411406671495405e-01 9.860411406714544302e-01
9.322167067353269720e-01 9.322167067372841842e-01
8.828606460779532261e-01 8.828606460810783929e-01
8.351064217077158736e-01 8.351064217062880157e-01
7.866223958645072178e-01 7.866223958646543224e-01
7.363629023589431943e-01 7.363629023637706661e-01
6.846952887126839249e-01 6.846952887102700780e-01
6.328547457083381067e-01 6.328547457056437064e-01
5.822117545326740418e-01 5.822117545332071709e-01
5.338198979130005517e-01 5.338198979110798659e-01
4.883414276055567660e-01 4.883414276061897041e-01
4.462523809807329433e-01 4.462523809847659950e-01
4.082134428545408644e-01 4.082134428592448794e-01
3.754724933988121682e-01 3.754724933976936185e-01
3.502065578059422313e-01 3.502065578086556719e-01
3.360118207849985827e-01 3.360118207846924943e-01
3.382799791254832433e-01 3.382799791257649624e-01
3.632488385904174555e-01 3.632488385921477936e-01
4.148807390943524132e-01 4.148807390931169570e-01
4.915620131430763484e-01 4.915620131443321217e-01
5.863060739564310841e-01 5.863060739566088309e-01
6.900125951972689853e-01 6.900125952009380503e-01
7.940948643097648363e-01 7.940948643121485961e-01
8.913132226405572345e-01 8.913132226418909454e-01
9.760835960374073528e-01 9.760835960402320932e-01
1.044937134885041363e+00 1.044937134885454144e+00
1.096645070471405692e+00 1.096645070469042471e+00
1.131723813451154914e+00 1.131723813452007565e+00
1.151693673764194958e+00 1.151693673767698822e+00
1.158492067775834133e+00 1.158492067779607559e+00
1.154162298025350086e+00 1.154162298025884326e+00
1.140783040385751068e+00 1.140783040385505487e+00
1.120566325696965126e+00 1.120566325695573351e+00
1.096058295875574462e+00 1.096058295877585076e+00
1.070453495114899400e+00 1.070453495113906195e+00
1.047976066050561261e+00 1.047976066050292809e+00
1.033986128894449852e+00 1.033986128894319290e+00
1.034288115765131355e+00 1.034288115758490889e+00
1.053623402384838759e+00 1.053623402387329211e+00
1.093963361415300373e+00 1.093963361414568958e+00
1.151951066630128029e+00 1.151951066631909937e+00
1.213279033429709219e+00 1.213279033427959952e+00
1.251620467230660783e+00 1.251620467227827938e+00
1.249623474979709048e+00 1.249623474980252391e+00
1.213514987207455764e+00 1.213514987205213114e+00
1.158311881150022149e+00 1.158311881150357658e+00
1.095779563882880669e+00 1.095779563876305041e+00
1.033156467837708536e+00 1.033156467835825598e+00
9.747921958451492008e-01 9.747921958409754284e-01
9.235313228637472838e-01 9.235313228675170460e-01
8.815131729784674297e-01 8.815131729791381154e-01
8.505104465203124908e-01 8.505104465233774835e-01
8.318412404992535647e-01 8.318412404988986264e-01
8.257928917223956722e-01 8.257928917210008990e-01
8.306262454102956161e-01 8.306262454055610700e-01
8.416975065525015287e-01 8.416975065475569284e-01
8.515143677350728302e-01 8.515143677365993868e-01
8.511279462343658286e-01 8.511279462336927004e-01
8.332353321475615138e-01 8.332353321497872889e-01
7.967893834889231419e-01 7.967893834901433880e-01
7.485749427615168150e-01 7.485749427630757902e-01
6.981758993684173964e-01 6.981758993663058632e-01
6.531396163236798946e-01 6.531396163191010018e-01
6.192414649531577941e-01 6.192414649551265526e-01
6.023207928197201744e-01 6.023207928254683541e-01
6.085816544857983734e-01 6.085816544929257832e-01
6.422624356742211438e-01 6.422624356727516526e-01
7.018447503944947874e-01 7.018447503935860698e-01
7.792655235228188593e-01 7.792655235181186191e-01
8.640808059633776628e-01 8.640808059651199358e-01
9.481054737930584286e-01 9.481054737939229593e-01
1.026841585668345491e+00 1.026841585671562029e+00
1.098472309126729218e+00 1.098472309126270474e+00
1.162335369889925918e+00 1.162335369889412107e+00
1.218145781005470329e+00 1.218145781004941197e+00
1.266564248318710728e+00 1.266564248321010444e+00
1.310218129357773709e+00 1.310218129360773531e+00
1.352549417463289050e+00 1.352549417464673720e+00
1.393742789927765902e+00 1.393742789929765635e+00
1.429422039529337329e+00 1.429422039530234834e+00
1.455219175750964045e+00 1.455219175755646299e+00
1.470148722621198889e+00 1.470148722615622461e+00
1.476356281828240302e+00 1.476356281828441031e+00
1.478127149300045406e+00 1.478127149296061260e+00
1.481145862944041713e+00 1.481145862943125557e+00
1.491235037080779424e+00 1.491235037076066305e+00
1.511434582898156354e+00 1.511434582896806544e+00
1.536879971812405987e+00 1.536879971809530065e+00
1.550644675767254288e+00 1.550644675768663605e+00
1.532302860003748268e+00 1.532302860004411960e+00
1.476714955243588978e+00 1.476714955248713101e+00
1.394468738526521978e+00 1.394468738530638019e+00
1.298874828994068142e+00 1.298874828988597407e+00
1.199462444755719392e+00 1.199462444757273927e+00
1.101690694964001072e+00 1.101690694959434058e+00
1.008203194446233741e+00 1.008203194447874651e+00
9.200891316013816157e-01 9.200891315971716500e-01
8.378751824789482106e-01 8.378751824767952661e-01
7.619388950325095555e-01 7.619388950312715458e-01
6.924529872590404755e-01 6.924529872623920168e-01
6.293378770347238804e-01 6.293378770299958846e-01
5.723102281913646783e-01 5.723102281931150559e-01
5.209230803293770640e-01 5.209230803333709803e-01
4.745701567108348007e-01 4.745701567123858378e-01
4.325178576519114193e-01 4.325178576539932540e-01
3.940631517189480126e-01 3.940631517167225151e-01
3.587927378767211684e-01 3.587927378757663210e-01
3.267339453428043106e-01 3.267339453378720893e-01
2.983075942748122378e-01 2.983075942742135500e-01
2.743703043911785988e-01 2.743703043900505567e-01
2.566838644702705841e-01 2.566838644725290552e-01
2.489718664969963191e-01 2.489718664944523541e-01
2.585219190371311759e-01 2.585219190383225563e-01
2.968355734840691929e-01 2.968355734869212448e-01
3.741159534950305732e-01 3.741159534955178501e-01
4.857296360442354688e-01 4.857296360499060439e-01
6.098206256304287143e-01 6.098206256285390037e-01
7.248165480334968214e-01 7.248165480344640477e-01
8.201319881357370667e-01 8.201319881398652090e-01
8.935595479056622770e-01 8.935595479063638269e-01
9.466101000987613423e-01 9.466101000988772496e-01
9.819407700836485509e-01 9.819407700857448740e-01
1.002303362497779293e+00 1.002303362496047567e+00
1.010171532856967591e+00 1.010171532856464660e+00
1.007659049538271123e+00 1.007659049540225560e+00
9.965873652627500467e-01 9.965873652626110468e-01
9.786106993470106152e-01 9.786106993444504409e-01
9.553260077982862475e-01 9.553260077976617470e-01
9.283857758376065084e-01 9.283857758356635070e-01
8.997180647759627226e-01 8.997180647761302552e-01
8.719891537175875618e-01 8.719891537184319974e-01
8.494206103805858055e-01 8.494206103802077745e-01
8.386869500800834265e-01 8.386869500819940093e-01
8.483409644611960010e-01 8.483409644636805691e-01
8.848284121579957917e-01 8.848284121569565119e-01
9.474572537169855257e-01 9.474572537174674736e-01
1.025282713953894476e+00 1.025282713956204406e+00
1.097684319174997203e+00 1.097684319181936985e+00
1.146839408335419197e+00 1.146839408336325139e+00
1.169573178145393744e+00 1.169573178140147496e+00
1.172848679186510257e+00 1.172848679186267784e+00
1.165509266347309225e+00 1.165509266346361539e+00
1.154929674659835204e+00 1.154929674661374195e+00
1.146675269799099173e+00 1.146675269801576746e+00
1.144846434286402204e+00 1.144846434283772529e+00
1.152264276388715647e+00 1.152264276389869613e+00
1.170354929667420496e+00 1.170354929665144761e+00
1.198874713781644008e+00 1.198874713778926182e+00
1.235788864075213045e+00 1.235788864070533677e+00
1.277647368092213132e+00 1.277647368093441038e+00
1.320528422554881676e+00 1.320528422554871684e+00
1.361011823785740038e+00 1.361011823785208019e+00
1.395763636268194663e+00 1.395763636270503705e+00
1.417923141203611070e+00 1.417923141202697801e+00
1.413155230120575201e+00 1.413155230119649053e+00
1.370253322958016273e+00 1.370253322959228859e+00
1.298964394775377063e+00 1.298964394773665765e+00
1.217501362199110648e+00 1.217501362199972625e+00
1.137601499139274441e+00 1.137601499140294736e+00
1.064813125391121051e+00 1.064813125392765514e+00
1.001296052817489457e+00 1.001296052812409965e+00
9.471579477013086779e-01 9.471579476976812462e-01
9.009262602449247259e-01 9.009262602474409354e-01
8.598857871379926854e-01 8.598857871433887023e-01
8.206809113685643586e-01 8.206809113737270067e-01
7.802518650651485421e-01 7.802518650735026373e-01
7.368066843528516818e-01 7.368066843530947096e-01
6.902654162236480095e-01 6.902654162221667500e-01
6.418615402886110877e-01 6.418615402830010197e-01
5.932806176779571450e-01 5.932806176780859309e-01
5.459925623054381338e-01 5.459925623027627184e-01
5.010652836940984178e-01 5.010652836937250498e-01
4.593863935661296471e-01 4.593863935715522540e-01
4.221277139172719961e-01 4.221277139160558023e-01
3.912698277786524903e-01 3.912698277804875224e-01
3.700887774880733394e-01 3.700887774851391310e-01
3.636842304852428986e-01 3.636842304876360399e-01
3.786752827050271497e-01 3.786752827032393021e-01
4.204543024025418907e-01 4.204543024028518650e-01
4.888640251297523553e-01 4.888640251309918638e-01
5.771411208832354367e-01 5.771411208835620643e-01
6.757993183339671139e-01 6.757993183381454383e-01
7.766580100101613260e-01 7.766580100109538032e-01
8.738668024316588179e-01 8.738668024329859785e-01
9.630821469536762214e-01 9.630821469588444206e-01
1.040722252376591772e+00 1.040722252380055890e+00
1.104077163547837248e+00 1.104077163547257712e+00
1.151788935198093444e+00 1.151788935197503250e+00
1.183935274743172616e+00 1.183935274742325072e+00
1.201639364530402876e+00 1.201639364529532239e+00
1.206585741220389085e+00 1.206585741218508145e+00
1.200713705917034080e+00 1.200713705914938423e+00
1.186150569986959002e+00 1.186150569985586545e+00
1.165342688719685160e+00 1.165342688719939401e+00
1.141325039939412367e+00 1.141325039937309604e+00
1.118108993146999186e+00 1.118108993148276609e+00
1.100959740636009432e+00 1.100959740636793693e+00
1.095954661124816543e+00 1.095954661126202545e+00
1.108456215296238501e+00 1.108456215294647551e+00
1.141160121110298409e+00 1.141160121114735748e+00
1.191899534050700371e+00 1.191899534046811260e+00
1.249251996398735631e+00 1.249251996397638731e+00
1.289255821393036516e+00 1.289255821390288936e+00
1.289908381230854051e+00 1.289908381233660029e+00
1.251788238468672265e+00 1.251788238475710413e+00
1.189853142795110674e+00 1.189853142802046015e+00
1.117794075879411597e+00 1.117794075874084081e+00
1.044138331463765557e+00 1.044138331463385638e+00
9.736842418033496704e-01 9.736842418044084901e-01
9.091925341040599795e-01 9.091925341048994191e-01
8.524394964411307063e-01 8.524394964408459341e-01
8.047728057668258606e-01 8.047728057645141542e-01
7.673059984418081347e-01 7.673059984445476100e-01
7.407376118990590674e-01 7.407376118965931511e-01
7.246900757400375204e-01 7.246900757361783851e-01
7.166713583861031855e-01 7.166713583893608019e-01
7.114273541174419568e-01 7.114273541168840698e-01
7.018624980619655451e-01 7.018624980637094835e-01
6.818909773392455298e-01 6.818909773366541582e-01
6.498955013681019244e-01 6.498955013746072762e-01
6.097477904632263579e-01 6.097477904629226009e-01
5.678901800397774258e-01 5.678901800349803741e-01
5.301371637588466745e-01 5.301371637675366122e-01
5.015549695761286619e-01 5.015549695759833337e-01
4.880799755488091085e-01 4.880799755488840486e-01
4.974114537742856390e-01 4.974114537718752893e-01
5.369048309199037083e-01 5.369048309245335604e-01
6.075740125313963125e-01 6.075740125343416231e-01
7.001407405094063341e-01 7.001407405105191106e-01
8.001727475673682255e-01 8.001727475717648197e-01
8.962632487635268097e-01 8.962632487666964964e-01
9.828785118861936843e-01 9.828785118882947813e-01
1.058936644785072989e+00 1.058936644783400105e+00
1.125598387493975228e+00 1.125598387490055696e+00
1.184543590163267712e+00 1.184543590164197413e+00
1.236856494250370364e+00 1.236856494250848648e+00
1.282496677997907231e+00 1.282496677997844836e+00
1.320210830926991097e+00 1.320210830927051271e+00
1.347978941941429643e+00 1.347978941944473430e+00
1.364276271630880277e+00 1.364276271632487436e+00
1.369204781469799403e+00 1.369204781472445287e+00
1.364528746503575807e+00 1.364528746507250201e+00
1.353306923063238631e+00 1.353306923065005885e+00
1.339879319233697519e+00 1.339879319231756849e+00
1.330100297795562714e+00 1.330100297798052722e+00
1.330983324699938297e+00 1.330983324699857029e+00
1.348488061552908679e+00 1.348488061553606121e+00
1.382693232589228050e+00 1.382693232586418075e+00
1.420749873091873727e+00 1.420749873089292681e+00
1.436680655939236662e+00 1.436680655934531758e+00
1.412774168528850627e+00 1.412774168530817054e+00
1.353809359624885023e+00 1.353809359623187492e+00
1.273813392191224469e+00 1.273813392185950022e+00
1.184404933635998081e+00 1.184404933633630419e+00
1.092914086915735883e+00 1.092914086917591954e+00
1.003602022544365813e+00 1.003602022545941885e+00
9.188790902949598438e-01 9.188790902965320306e-01
8.400735515465761472e-01 8.400735515443973345e-01
7.678592645211587131e-01 7.678592645159935115e-01
7.025038124325341249e-01 7.025038124267242168e-01
6.440276281401032810e-01 6.440276281416140725e-01
5.922699077992014116e-01 5.922699078003402784e-01
5.468212655410219503e-01 5.468212655444579795e-01
5.068105957757701452e-01 5.068105957761960267e-01
4.707178800386294659e-01 4.707178800384666517e-01
4.366859843035321154e-01 4.366859842987812490e-01
4.035153170425850311e-01 4.035153170392307698e-01
3.714455925128653524e-01 3.714455925144718451e-01
3.418105385795037199e-01 3.418105385846295641e-01
3.163299607790953649e-01 3.163299607822951387e-01
2.973015789309932932e-01 2.973015789280245569e-01
2.887178436567786610e-01 2.887178436591149033e-01
2.978532591196575430e-01 2.978532591216012104e-01
3.357108646842256183e-01 3.357108646854000122e-01
4.114283231984167122e-01 4.114283232022717396e-01
5.198031044408629731e-01 5.198031044433901737e-01
6.401359534243432625e-01 6.401359534228530102e-01
7.523874305143557484e-01 7.523874305131771356e-01
8.465748455594542810e-01 8.465748455543833373e-01
9.204910218500493846e-01 9.204910218496600294e-01
9.755328508870583226e-01 9.755328508855516390e-01
1.014277639127650676e+00 1.014277639128278397e+00
1.039375698191217001e+00 1.039375698191642883e+00
1.053039087864855450e+00 1.053039087866509238e+00
1.056872273846958254e+00 1.056872273848285415e+00
1.052049446324455406e+00 1.052049446326697391e+00
1.039700096584776023e+00 1.039700096587284905e+00
1.021180396278433822e+00 1.021180396279282032e+00
9.981438551279019356e-01 9.981438551289685268e-01
9.726543631423204550e-01 9.726543631418420599e-01
9.475680246173773247e-01 9.475680246161263254e-01
9.272740254014401051e-01 9.272740254027338480e-01
9.184724315580673482e-01 9.184724315559138486e-01
9.294644038903164818e-01 9.294644038880650605e-01
9.662352344348995592e-01 9.662352344375126911e-01
1.027367366603395116e+00 1.027367366602453425e+00
1.099985336341470887e+00 1.099985336342888864e+00
1.161170501059624716e+00 1.161170501056727256e+00
1.193914412921268653e+00 1.193914412922567170e+00
1.197962609164543668e+00 1.197962609162187553e+00
1.182071851914808125e+00 1.182071851915374339e+00
1.155383880559421872e+00 1.155383880554214704e+00
1.124882536199530936e+00 1.124882536195651817e+00
1.095655134111022111e+00 1.095655134116329421e+00
1.071588418571119750e+00 1.071588418568265144e+00
1.055792376158743995e+00 1.055792376157270507e+00
1.050664937046841718e+00 1.050664937049264669e+00
1.057649170299365782e+00 1.057649170294709062e+00
1.076755329908375192e+00 1.076755329912197690e+00
1.106052684262787356e+00 1.106052684264405395e+00
1.141476925856788061e+00 1.141476925858089686e+00
1.177011491900012974e+00 1.177011491901398754e+00
1.204402880129956888e+00 1.204402880132670273e+00
1.212000298165131884e+00 1.212000298165883283e+00
1.188182958772851183e+00 1.188182958767382891e+00
1.134195593506357458e+00 1.134195593505359811e+00
1.064959331079573079e+00 1.064959331078934923e+00
9.941836536423046544e-01 9.941836536409252023e-01
9.295523104274628912e-01 9.295523104246641299e-01
8.751861387432121608e-01 8.751861387448696128e-01
8.335252236220561661e-01 8.335252236204977461e-01
8.058058094102683588e-01 8.058058094118585313e-01
7.917678106223696721e-01 7.917678106203768218e-01
7.892274964151887451e-01 7.892274964115978397e-01
7.940639822534570902e-01 7.940639822552256755e-01
8.008045136651084084e-01 8.008045136639782013e-01
8.036273603038729396e-01 8.036273603041097502e-01
7.976535676998913749e-01 7.976535677008097514e-01
7.803762192029729539e-01 7.803762192034925382e-01
7.524524867936100980e-01 7.524524867935000749e-01
7.170871270523470065e-01 7.170871270513232698e-01
6.787288884134262679e-01 6.787288884085160845e-01
6.425856420947105851e-01 6.425856420967772653e-01
6.154095576262456069e-01 6.154095576329522421e-01
6.063444757049104572e-01 6.063444757070360902e-01
6.252908879908239959e-01 6.252908879911324158e-01
6.768171430003725453e-01 6.768171429984634058e-01
7.541901402449106007e-01 7.541901402468472737e-01
8.433361356992840063e-01 8.433361356985000779e-01
9.323145930625663658e-01 9.323145930666335568e-01
1.015133571556626979e+00 1.015133571562194525e+00
1.090191920130829661e+00 1.090191920129505609e+00
1.157780909956310555e+00 1.157780909958755489e+00
1.218526633992306873e+00 1.218526633991395824e+00
1.272973532307597910e+00 1.272973532306622690e+00
1.321843936971428324e+00 1.321843936970749755e+00
1.366079641215757423e+00 1.366079641214923424e+00
1.406075190904895411e+00 1.406075190902812633e+00
1.440827264908231431e+00 1.440827264908852712e+00
1.468306397561301768e+00 1.468306397561950805e+00
1.486868642813798491e+00 1.486868642813356178e+00
1.496453409691222536e+00 1.496453409694659120e+00
1.499176412929538404e+00 1.499176412932219815e+00
1.499582678527341617e+00 1.499582678524523205e+00
1.504181823197578982e+00 1.504181823197629164e+00
1.518806705491707820e+00 1.518806705491081210e+00
1.542412965032819105e+00 1.542412965031403349e+00
1.559935267922393454e+00 1.559935267920797175e+00
1.547799300190073613e+00 1.547799300189840910e+00
1.496495199535767373e+00 1.496495199534124465e+00
1.415594208241638174e+00 1.415594208236575113e+00
1.319192103257174953e+00 1.319192103255148574e+00
1.217671867798836960e+00 1.217671867798648666e+00
1.117167656895200256e+00 1.117167656897233963e+00
1.020924149821932136e+00 1.020924149816452076e+00
9.304907179162377195e-01 9.304907179087525959e-01
8.465115014728702425e-01 8.465115014729837073e-01
7.691819227857571439e-01 7.691819227881332433e-01
6.984621883744160931e-01 6.984621883821237054e-01
6.341628279529153422e-01 6.341628279546438485e-01
5.759865925224779692e-01 5.759865925233502715e-01
5.235442424450788002e-01 5.235442424446080656e-01
4.763337599934324151e-01 4.763337599985957849e-01
4.337065645272936143e-01 4.337065645328059826e-01
3.949302204351091694e-01 3.949302204356104906e-01
3.594429938935185254e-01 3.594429938972526495e-01
3.271212726927309467e-01 3.271212726903574564e-01
2.982925940182589164e-01 2.982925940173842272e-01
2.737020856512039080e-01 2.737020856534057023e-01
2.548817568390780997e-01 2.548817568401146594e-01
2.451340894001908799e-01 2.451340894003030124e-01
2.511907655653352611e-01 2.511907655663225269e-01
2.844369637200919732e-01 2.844369637244709703e-01
3.565727653004081565e-01 3.565727653041862455e-01
4.655653523628110468e-01 4.655653523626331891e-01
5.902041865886452632e-01 5.902041865904839035e-01
7.075021372393542896e-01 7.075021372349423743e-01
8.055373964184958657e-01 8.055373964198517811e-01
8.814666499338649208e-01 8.814666499379720799e-01
9.365968364866524842e-01 9.365968364841767979e-01
9.735705757278004802e-01 9.735705757238629632e-01
9.952075146693836194e-01 9.952075146697509922e-01
1.004081497911367027e+00 1.004081497910220167e+00
1.002394513225036921e+00 1.002394513221871675e+00
9.920117668425895152e-01 9.920117668434215163e-01
9.745894740329198447e-01 9.745894740347545993e-01
9.517031552455058607e-01 9.517031552423815821e-01
9.249581593374308630e-01 9.249581593376496880e-01
8.961826904469866184e-01 8.961826904468680466e-01
8.678478837307842531e-01 8.678478837330283469e-01
8.438607082507963986e-01 8.438607082476572430e-01
8.305835702526941366e-01 8.305835702520115715e-01
8.366647023388317228e-01 8.366647023360790358e-01
8.693200073126184924e-01 8.693200073124311977e-01
9.289991140681571613e-01 9.289991140645561529e-01
1.006289417568078992e+00 1.006289417569209643e+00
1.081726109004686354e+00 1.081726109003018133e+00
1.136309203522197553e+00 1.136309203522008149e+00
1.164648220990367466e+00 1.164648220992909655e+00
1.172599548668851188e+00 1.172599548670149039e+00
1.168876757691843071e+00 1.168876757693479096e+00
1.161035162410409161e+00 1.161035162416347521e+00
1.154830985506161145e+00 1.154830985507491858e+00
1.154502003672215782e+00 1.154502003674513499e+00
1.162961266884659839e+00 1.162961266882231115e+00
1.181700818331857139e+00 1.181700818333797365e+00
1.210539091610864038e+00 1.210539091612017337e+00
1.247518611834076641e+00 1.247518611833061009e+00
1.289284927164809691e+00 1.289284927163128369e+00
1.332028435008661749e+00 1.332028435010685463e+00
1.372541545093592052e+00 1.372541545093165061e+00
1.408137821716119564e+00 1.408137821718543625e+00
1.433464415838026529e+00 1.433464415837284012e+00
1.435410440602974180e+00 1.435410440603476889e+00
1.399799576661318046e+00 1.399799576660632372e+00
1.332086954878870078e+00 1.332086954884207364e+00
1.250658928418071358e+00 1.250658928414559279e+00
1.168796745385899616e+00 1.168796745386858849e+00
1.092955062412367173e+00 1.092955062417099832e+00
1.025698829364538600e+00 1.025698829369657616e+00
9.673507680077285675e-01 9.673507680124372454e-01
9.166363095060127142e-01 9.166363095095276803e-01
8.710904812260572561e-01 8.710904812266644370e-01
8.276578304517364648e-01 8.276578304530078922e-01
7.835744082172290126e-01 7.835744082165214675e-01
7.372522642527122860e-01 7.372522642514502955e-01
6.886533173292640475e-01 6.886533173321981449e-01
6.389015263144223189e-01 6.389015263160604530e-01
5.895019930413049059e-01 5.895019930451660395e-01
5.417435772733746324e-01 5.417435772740217814e-01
4.965235659415533354e-01 4.965235659468480445e-01
4.545300939835591469e-01 4.545300939823033182e-01
4.166452036475142284e-01 4.166452036419726612e-01
3.844119976634295943e-01 3.844119976648239789e-01
3.604559658315714676e-01 3.604559658312410098e-01
3.490237372227887880e-01 3.490237372249019865e-01
3.561824011226611963e-01 3.561824011269627555e-01
3.881905478511192831e-01 3.881905478557092781e-01
4.475790554936714960e-01 4.475790554921040276e-01
5.303113527554991213e-01 5.303113527528673377e-01
6.277007126009642723e-01 6.277007126008187221e-01
7.306073035083876510e-01 7.306073035124314163e-01
8.316369189513274085e-01 8.316369189500485426e-01
9.251016505282144697e-01 9.251016505244229471e-01
1.006586269540813650e+00 1.006586269541535517e+00
1.073078801335251686e+00 1.073078801335462185e+00
1.123265227986886661e+00 1.123265227991888215e+00
1.157386422619121280e+00 1.157386422618361888e+00
1.176716053034207565e+00 1.176716053032891285e+00
1.183034184820864088e+00 1.183034184819766299e+00
1.178309853728061629e+00 1.178309853725858947e+00
1.164619648445560873e+00 1.164619648443994571e+00
1.144252218968214496e+00 1.144252218969283863e+00
1.119936817875478940e+00 1.119936817874673363e+00
1.095196144626508161e+00 1.095196144624199563e+00
1.074718472564237803e+00 1.074718472565564742e+00
1.064284836816151714e+00 1.064284836817140256e+00
1.069706010193423484e+00 1.069706010187010170e+00
1.095022352372817753e+00 1.095022352368336005e+00
1.140604505011234782e+00 1.140604505011679759e+00
1.199810239782019838e+00 1.199810239786709198e+00
1.253403721722899267e+00 1.253403721723533204e+00
1.275011414279598743e+00 1.275011414281778555e+00
1.255290509620901052e+00 1.255290509617389194e+00
1.205745291667009500e+00 1.205745291670643926e+00
1.141367844079051341e+00 1.141367844077106009e+00
1.072502977824607573e+00 1.072502977820683823e+00
1.005209162023258163e+00 1.005209162020372249e+00
9.430362967778286309e-01 9.430362967783247896e-01
8.882775707457234438e-01 8.882775707489417583e-01
8.426614907234956098e-01 8.426614907268067389e-01
8.076333037657071889e-01 8.076333037709108043e-01
7.842423667107517593e-01 7.842423667152184086e-01
7.725440584832007351e-01 7.725440584824326828e-01
7.705595280322462548e-01 7.705595280300783223e-01
7.733877399214555970e-01 7.733877399209115877e-01
7.735146879686375376e-01 7.735146879703312939e-01
7.629586655134893425e-01 7.629586655139719564e-01
7.370548037706988742e-01 7.370548037747062242e-01
6.977182279538659548e-01 6.977182279506538576e-01
6.521201644227779814e-01 6.521201644195294689e-01
6.078894512698219676e-01 6.078894512731990440e-01
5.709767105359254691e-01 5.709767105357633765e-01
5.469373850544719806e-01 5.469373850608768572e-01
5.423922372879509401e-01 5.423922372904764755e-01
5.643885843251531531e-01 5.643885843221180254e-01
6.164257398079747707e-01 6.164257398088581752e-01
6.938465792295950285e-01 6.938465792310494207e-01
7.851147667818544340e-01 7.851147667846960498e-01
8.784833730149251840e-01 8.784833730135170882e-01
9.665764508104451869e-01 9.665764508081851059e-01
1.046549149979720372e+00 1.046549149978860616e+00
1.118329780668583684e+00 1.118329780670409779e+00
1.182866381632076358e+00 1.182866381630643726e+00
1.241040513946965351e+00 1.241040513944235091e+00
1.293400881944118286e+00 1.293400881940345526e+00
1.340093794904797964e+00 1.340093794905155011e+00
1.380058652093377081e+00 1.380058652090790927e+00
1.410718175281582720e+00 1.410718175275636366e+00
1.429890480299528921e+00 1.429890480296242661e+00
1.437576029882431161e+00 1.437576029883889550e+00
1.435908484205848712e+00 1.435908484202844448e+00
1.428643789291565103e+00 1.428643789291715205e+00
1.421004989208351166e+00 1.421004989207953706e+00
1.419425621282508931e+00 1.419425621281283245e+00
1.430078512225501530e+00 1.430078512223902143e+00
1.455100661089810732e+00 1.455100661086281333e+00
1.486221722633937592e+00 1.486221722634823328e+00
1.501230376861296012e+00 1.501230376862610072e+00
1.478977710573455173e+00 1.478977710574027382e+00
1.419167909839453845e+00 1.419167909840677311e+00
1.335198049592273950e+00 1.335198049592229541e+00
1.240068218519847054e+00 1.240068218521102716e+00
1.142280147928924183e+00 1.142280147928777634e+00
1.046659785449302493e+00 1.046659785453231128e+00
9.557532268422995747e-01 9.557532268493759142e-01
8.708513455576770701e-01 8.708513455665672920e-01
7.925782914913191979e-01 7.925782914905478149e-01
7.211491371004207229e-01 7.211491371080063217e-01
6.565027085680789076e-01 6.565027085744028490e-01
5.983975156168902521e-01 5.983975156257733685e-01
5.464466248127258785e-01 5.464466248165362749e-01
5.000707433205583419e-01 5.000707433220259457e-01
4.584134507772809064e-01 4.584134507780781020e-01
4.203917462787479797e-01 4.203917462871535338e-01
3.850653712980068866e-01 3.850653712973397536e-01
3.521270979049780925e-01 3.521270979119844879e-01
3.220085034977649974e-01 3.220085035008494745e-01
2.956218776635445300e-01 2.956218776688208094e-01
2.744227703470109025e-01 2.744227703516817773e-01
2.611789549685376022e-01 2.611789549665360921e-01
2.614478619541763527e-01 2.614478619512158875e-01
2.851620805461528851e-01 2.851620805493622623e-01
3.446813928197037802e-01 3.446813928226618584e-01
4.433264329627867317e-01 4.433264329690271843e-01
5.647336802788153198e-01 5.647336802784059806e-01
6.848167423543521926e-01 6.848167423552168342e-01
7.884386324340461050e-01 7.884386324371731591e-01
8.707250628345185595e-01 8.707250628326319575e-01
9.321591033868038556e-01 9.321591033871836629e-01
9.751506566176807445e-01 9.751506566163675727e-01
1.002500637835547881e+00 1.002500637836542197e+00
1.016795261016833596e+00 1.016795261019638241e+00
1.020191027523461802e+00 1.020191027526869298e+00
1.014429643968734585e+00 1.014429643966321626e+00
1.001015229063151768e+00 1.001015229060203460e+00
9.814146259293842212e-01 9.814146259267748640e-01
9.571781618322269258e-01 9.571781618286987481e-01
9.300658305180981023e-01 9.300658305175850682e-01
9.023538656556787663e-01 9.023538656569101146e-01
8.774803226543020918e-01 8.774803226561319613e-01
8.610224936747193913e-01 8.610224936750129343e-01
8.610880431411181979e-01 8.610880431400467216e-01
8.857702354130573275e-01 8.857702354077848783e-01
9.377967452412953042e-01 9.377967452439026630e-01
1.010500361124324176e+00 1.010500361127437019e+00
1.086066344859811128e+00 1.086066344857207433e+00
1.143232915707623309e+00 1.143232915707900865e+00
1.172835006322922258e+00 1.172835006317193285e+00
1.179181564556339712e+00 1.179181564559059536e+00
1.171109057443838086e+00 1.171109057447503821e+00
1.156640886910774046e+00 1.156640886907292609e+00
1.141921880585906823e+00 1.141921880586425075e+00
1.131558864295394873e+00 1.131558864292337319e+00
1.129000248223329894e+00 1.129000248226309733e+00
1.136597250789274316e+00 1.136597250788306646e+00
1.155368807802725772e+00 1.155368807798196507e+00
1.184665333900549289e+00 1.184665333895324579e+00
1.222058423005629724e+00 1.222058423001463057e+00
1.263771279474932729e+00 1.263771279474955156e+00
1.305571335201458627e+00 1.305571335202649008e+00
